Node pruining

1 3.65188358857 3.85185185185
2 2.24887107511 2.37037037037
3 1.33789919196 1.48148148148
4 0.62252739633 0.59259259259
5 0.33315713556 0.29629629629
6 0.01638736822 0


Edge pruining

83 2.48940066161 3.3552032455837146 3.741353820225899
166 1.24768470187 2.0042477849312137 2.626248546331724
250 0.57416789465 1.073201504878175 1.7565851519169056
333 0.21861853156 0.46989968915832225 1.0147553647613716
417 0.05860623795 0.116993396833319 0.3843493801356175
500 0.01834250958 0 











